2

 640.0000000000  480.0000000000  519.8677978516    0.0000000000  307.2843322754    0.0000000000  520.7333374023  263.7769470215    0.0000000000    0.0000000000    1.0000000000   -0.4195360243    0.1787851304   -0.0024976551    0.0042776032   -0.8739902973    0.4711684585    0.1189170927    0.4756889045    0.8795419335    0.0112266596   -0.0993029252    0.0663795322   -0.9928407073  340.2947692871 -662.1434326172 1240.6437988281 

 640.0000000000  480.0000000000  517.9927368164    0.0000000000  311.2658996582    0.0000000000  517.9828491211  255.9262542725    0.0000000000    0.0000000000    1.0000000000   -0.4291009605    0.1968401819   -0.0037676459    0.0036412193   -0.8788155317    0.4634868801    0.1134161502    0.4656105042    0.8849478960   -0.0086056171   -0.1043559760    0.0452449992   -0.9935103059  256.4796447754 -632.9771728516 1248.7357177734 

 -21.7848434448    0.1249060333  639.9191284180   -3.6694514751  650.3651123047  470.1953735352   -4.4891076088  495.3085327148 
  -5.3865885735    4.4946308136  647.3580932617    5.6546249390  658.9996948242  478.5113525391    0.1655214578  494.6115417480 
   1.0794117828    0.0359417468  -21.7848434448   -0.0061895878    1.0416770876    0.1249060333    0.0000711017    0.0000202793    1.0000000000 
   1.0564948252    0.0115634883   -5.3865885735    0.0021320254    1.0108942138    4.4946308136    0.0000565085   -0.0000205872    1.0000000000 
