2

 640.0000000000  480.0000000000  518.9338989258    0.0000000000  304.3321533203    0.0000000000  518.3606567383  242.2880401611    0.0000000000    0.0000000000    1.0000000000   -0.4431427121    0.2131496966   -0.0021639676    0.0006809533   -0.3693628311   -0.9053754210   -0.2094431370   -0.9165890217    0.3178143799    0.2426079363   -0.1530872136    0.2815836370   -0.9472460151  174.9608001709  148.8123321533 1466.3818359375 

 640.0000000000  480.0000000000  519.6679077148    0.0000000000  300.1502075195    0.0000000000  518.7144775391  247.1955261230    0.0000000000    0.0000000000    1.0000000000   -0.4456962347    0.2181003690   -0.0018864352    0.0026074876   -0.3678351343   -0.9081360102   -0.1999656409   -0.9162851572    0.3173219562    0.2443938106   -0.1584893316    0.2731221616   -0.9488337040  261.2810974121  139.5002288818 1466.0872802734 

  -8.2351427078    0.2897042632  647.4671630859  -22.7739219666  657.8687133789  478.2566528320    0.0000000000  477.8014221191 
 -18.4807434082    0.5859420300  639.6560668945  -20.2806797028  648.1231689453  478.9797363281   -8.7118320465  480.4382324219 
   0.9770485551    0.0171565473   -8.2351427078   -0.0343666394    0.9922768393    0.2897042632   -0.0000733416   -0.0000053144    1.0000000000 
   0.9894931542    0.0203068338  -18.4807434082   -0.0313724730    1.0021774999    0.5859420300   -0.0000607289    0.0000051728    1.0000000000 
