2

 640.0000000000  480.0000000000 1066.6667480469    0.0000000000  325.4316711426    0.0000000000 1068.9299316406  216.4922790527    0.0000000000    0.0000000000    1.0000000000    0.0199571606   -0.3350737393   -0.0120255537    0.0075882254   -0.9949918389   -0.0992623195    0.0117562553   -0.0960094929    0.9163502455   -0.3886957467    0.0278099943   -0.3878777921   -0.9212911725  141.8597259521 -101.3380737305 1390.8843994141 

 640.0000000000  480.0000000000 1072.5616455078    0.0000000000  363.3597717285    0.0000000000 1070.3415527344  237.0148010254    0.0000000000    0.0000000000    1.0000000000    0.0491064489   -0.4090408683   -0.0095575023    0.0178794079   -0.9935020208   -0.1126111001    0.0165072940   -0.1101771742    0.9152076840   -0.3876285851    0.0285436790   -0.3869284987   -0.9216678143   -5.9926800728 -101.6552886963 1386.6258544922 

 -42.4760894775    0.6294154525  639.7997436523   -9.4801673889  649.6254882813  455.7346191406  -32.9172248840  474.4706420898 
  -3.2817201614   12.9886741638  683.1803588867   12.4269809723  686.1644287109  478.3755187988    0.0523970798  487.4564514160 
   1.0845666317    0.0199593956  -42.4760894773   -0.0160705027    0.9865192296    0.6294154521    0.0000289319   -0.0000013699    1.0000000000 
   1.0921231914    0.0069461246   -3.2817201614   -0.0005224662    0.9889118588   12.9886741638    0.0000285813    0.0000008972    1.0000000000 
