2

 640.0000000000  480.0000000000 1070.0090332031    0.0000000000  321.0065917969    0.0000000000 1070.4481201172  222.8969879150    0.0000000000    0.0000000000    1.0000000000    0.0675549880   -0.7149950266   -0.0084524713    0.0089803692   -0.8439227939    0.0821385384    0.5301391482    0.0497325398    0.9959321618   -0.0751387402   -0.5341544151   -0.0370461307   -0.8445748091 -262.7604675293 -206.6497192383 2507.5021972656 

 640.0000000000  480.0000000000 1065.7873535156    0.0000000000  366.6499328613    0.0000000000 1061.5971679688  249.8905334473    0.0000000000    0.0000000000    1.0000000000    0.0303958729   -0.2637424171   -0.0023667675    0.0192788262   -0.8420192003    0.0669107512    0.5352818370    0.0396059789    0.9972677231   -0.0623576939   -0.5379917026   -0.0313060135   -0.8423686028 -427.4617309570 -231.2004852295 2473.1115722656 

 -39.3354759216  -14.8542881012  640.0000000000    0.0218969118  646.0084838867  456.8623046875  -33.8899345398  490.0582580566 
   0.0034927917   -1.2402799129  677.7637329102   25.9263973236  675.3104858398  477.7493896484   -1.4110443592  501.0576171875 
   1.1665614480    0.0114689137  -39.3354759220    0.0232476350    1.0501075438  -14.8542881014    0.0001642184   -0.0000036600    1.0000000000 
   1.1774120365   -0.0029526561    0.0034927917    0.0469775172    1.0484793339   -1.2402799129    0.0001747094    0.0000040422    1.0000000000 
