2

 640.0000000000  480.0000000000  701.8331909180    0.0000000000  520.6995239258    0.0000000000  705.3746948242  388.6898498535    0.0000000000    0.0000000000    1.0000000000   -0.3514125049    0.1359344274   -0.0003099203    0.0001993678   -0.9934900999    0.0370577239    0.1077225730    0.0468003191    0.9948984981    0.0893682688   -0.1038612425    0.0938279405   -0.9901561141  -30.3938694000 -284.1238403320 1231.7572021484 

 640.0000000000  480.0000000000  689.9317626953    0.0000000000  501.2765808105    0.0000000000  692.5369262695  373.1768188477    0.0000000000    0.0000000000    1.0000000000   -0.3925451338    0.1965321153   -0.0009512745    0.0000264490   -0.9877853394    0.0275443252    0.1533668339    0.0387901738    0.9967343211    0.0708235949   -0.1509152055    0.0759076402   -0.9856280684   89.6292800903 -251.4932403564 1229.3352050781 

  -8.4291248322    0.3762134612  694.2545776367  -30.9863643646  695.5773315430  481.8392028809   -0.0000000000  475.4816894531 
 -57.2148437500    1.6552696228  639.9378051758  -10.5220699310  642.8518676758  482.6306152344  -59.5583419800  478.6637878418 
   1.0180152261    0.0175606767   -8.4291248322   -0.0454366334    1.0000622120    0.3762134612   -0.0001151279    0.0000215763    1.0000000000 
   1.0566266570   -0.0039703678  -57.2148437546   -0.0184898504    0.9864387447    1.6552696171   -0.0000510586   -0.0000153114    1.0000000000 
