2

 640.0000000000  480.0000000000  329.1850280762    0.0000000000  325.7551879883    0.0000000000  329.2762756348  274.1500854492    0.0000000000    0.0000000000    1.0000000000   -0.2533875704    0.1773041338   -0.0050014108    0.0048358594   -0.9434334040   -0.3312398493    0.0146144079   -0.3279030025    0.9255846739   -0.1891364306    0.0491226502   -0.1832297295   -0.9818420410  271.9647216797 -228.4370269775 1725.7786865234 

 640.0000000000  480.0000000000  329.1094665527    0.0000000000  311.4902954102    0.0000000000  327.6992187500  269.2296142578    0.0000000000    0.0000000000    1.0000000000   -0.2443046272    0.1289149374   -0.0066020153    0.0031942851   -0.9406613111   -0.3392481804   -0.0081817359   -0.3328468800    0.9270718098   -0.1724843383    0.0661000535   -0.1595260948   -0.9849782586  202.5083312988 -261.4255676270 1708.9531250000 

   0.0537005179   -8.6915216446  645.3043823242   16.3847885132  651.8026123047  478.6600646973   -3.0645828247  496.0080261230 
 -12.0451545715  -21.4247322083  643.7359619141    0.1558516026  640.0000000000  466.8583679199   -6.7262482643  477.7418518066 
   1.1001476755   -0.0063968915    0.0537005179    0.0415162524    1.0353479491   -8.6915216446    0.0001424808   -0.0000324782    1.0000000000 
   1.0949624471    0.0108791993  -12.0451545715    0.0337366833    1.0542674723  -21.4247322083    0.0001092132    0.0000300101    1.0000000000 
