2

 640.0000000000  480.0000000000  882.2128295898    0.0000000000  300.8909606934    0.0000000000  887.5201416016  253.7135314941    0.0000000000    0.0000000000    1.0000000000   -0.2657706738    0.4499184191   -0.0020341938    0.0035445979   -0.9414249063   -0.2073393762   -0.2659502625   -0.0850223079    0.9091085792   -0.4077900946    0.3263286352   -0.3612920642   -0.8734859228  137.6983947754    2.6212980747  765.6038818359 

 640.0000000000  480.0000000000  882.4804687500    0.0000000000  335.1665344238    0.0000000000  886.9249877930  252.3209686279    0.0000000000    0.0000000000    1.0000000000   -0.2278258055    0.1684860736    0.0003554544   -0.0038544501   -0.9465420842   -0.2120691240   -0.2430735081   -0.0999191254    0.9092170000   -0.4041542411    0.3067151904   -0.3582613170   -0.8818019032  -29.7236804962   -0.9943829179  768.7985839844 

 -12.9602336884   12.3876695633  640.0000000000    0.7056806087  645.4533081055  478.9682922363   -8.9601182938  482.1596374512 
   0.0037659942   -1.5209854841  654.3282470703    0.0364727750  652.2600097656  473.8491210938   -1.1691046953  472.1704406738 
   1.0024834359    0.0083722618  -12.9602336885   -0.0182726980    0.9766097254   12.3876695632   -0.0000277608   -0.0000043178    1.0000000000 
   1.0221154694   -0.0024468160    0.0037659942    0.0024335137    0.9882042333   -1.5209854841   -0.0000004073    0.0000028530    1.0000000000 
