2

 640.0000000000  480.0000000000  879.3302612305    0.0000000000  297.8996582031    0.0000000000  881.5817260742  260.3347778320    0.0000000000    0.0000000000    1.0000000000   -0.2437573224    0.5402665734    0.0005058803   -0.0006826015   -0.8520073891    0.4541818500   -0.2603886425    0.4844190180    0.4953017831   -0.7211202383   -0.1985487491   -0.7405369878   -0.6420150995  170.0746002197 -118.0153656006  868.1765747070 

 640.0000000000  480.0000000000  882.7831420898    0.0000000000  329.2931518555    0.0000000000  883.8062133789  255.8993377686    0.0000000000    0.0000000000    1.0000000000   -0.1825475395    0.0706788674    0.0018059732   -0.0016170843   -0.8537139297    0.4641720951   -0.2360440344    0.4741047025    0.5053226352   -0.7210227251   -0.2154002637   -0.7274567485   -0.6514671445    4.9228572845 -118.9170837402  876.6064453125 

 -13.4725494385   14.2692785263  640.0000000000    0.0829893798  645.1964111328  479.0043640137   -9.1038808823  479.0000610352 
   0.0000000000   -0.0000000000  656.4326782227   -0.4880446494  653.9453125000  476.0317382813   -2.1943299770  469.4063720703 
   0.9914205508    0.0091209237  -13.4725494383   -0.0221699190    0.9671615169   14.2692785264   -0.0000462974   -0.0000021453    1.0000000000 
   1.0103593705   -0.0045733037   -0.0000000000   -0.0007511821    0.9783113297   -0.0000000000   -0.0000233332    0.0000008125    1.0000000000 
