2

 640.0000000000  480.0000000000  329.0856628418    0.0000000000  321.9826354980    0.0000000000  330.0129394531  282.1236572266    0.0000000000    0.0000000000    1.0000000000   -0.1932695359    0.0637358576   -0.0013600988    0.0008635994   -0.6528720260    0.0443332084    0.7561697364   -0.0132803759    0.9974623919   -0.0699460581   -0.7573518157   -0.0557080396   -0.6506264806 -108.6703033447 -244.7382812500 1269.6019287109 

 640.0000000000  480.0000000000  329.6861572266    0.0000000000  307.9008789062    0.0000000000  330.1737670898  272.1575622559    0.0000000000    0.0000000000    1.0000000000   -0.1912359297    0.0592924394   -0.0019124247   -0.0008650978   -0.6598808169    0.0345276780    0.7505765557   -0.0172419567    0.9979847074   -0.0610673651   -0.7511724234   -0.0532385893   -0.6579556465 -179.6323547363 -244.4704437256 1268.3199462891 

  -1.4917953014    0.2312044054  646.1253051758   10.6355361938  647.7409667969  478.8049621582    0.0411700159  493.2404785156 
  -7.8376731873   -8.4924526215  640.7014160156    0.0223387349  640.0000000000  473.1499938965   -9.4126529694  479.8137207031 
   1.0654588175    0.0031936554   -1.4917953014    0.0171383443    1.0268354758    0.2312044054    0.0000828896   -0.0000005417    1.0000000000 
   1.0454402406   -0.0032555088   -7.8376731873    0.0133054806    1.0159945069   -8.4924526215    0.0000500981   -0.0000027303    1.0000000000 
