2

 320.0000000000  240.0000000000  164.4363708496    0.0000000000  162.2110748291    0.0000000000  162.8205108643  136.3399047852    0.0000000000    0.0000000000    1.0000000000   -0.2266393006    0.0723271891   -0.0082225399    0.0029243825   -0.3595154881    0.8469970822   -0.3915923238    0.9293794036    0.2873793840   -0.2316613495   -0.0836809278   -0.4472236931   -0.8904989958  185.8866424561 -183.4205017090  597.5979003906 

 320.0000000000  240.0000000000  162.6271667480    0.0000000000  164.5156250000    0.0000000000  161.7872009277  142.6885528564    0.0000000000    0.0000000000    1.0000000000   -0.2386277914    0.0845763385   -0.0086034108    0.0037273820   -0.3452878892    0.8347644210   -0.4288876355    0.9368867278    0.2798387706   -0.2096031010   -0.0549498312   -0.4741925597   -0.8787047267  282.9394226074 -186.4170227051  589.6923217773 

  -8.9421825409   -7.0544023514  324.8744812012    0.1263644546  319.9516296387  242.3799438477  -15.0617666245  235.9711303711 
  -0.0000000000    1.4368751049  331.7781372070    2.8193373680  325.7888183594  248.1479034424   -3.8272609711  238.8925628662 
   1.0465068123   -0.0252771102   -8.9421825409    0.0224411914    1.0091415452   -7.0544023514    0.0000102493   -0.0000146833    1.0000000000 
   1.0033007511   -0.0160421575    0.0000000000    0.0040354726    0.9953432541    1.4368751049   -0.0001009890    0.0000248838    1.0000000000 
