2

 640.0000000000  480.0000000000  331.2736511230    0.0000000000  328.2263488770    0.0000000000  331.0514831543  285.7699584961    0.0000000000    0.0000000000    1.0000000000   -0.1930173635    0.0621494725   -0.0026488923    0.0021106689   -0.1397426724    0.8636007309   -0.4844231606    0.9900405407    0.1134207398   -0.0833995640   -0.0170802902   -0.4912530184   -0.8708494306   94.8495178223   83.0662078857 1568.5942382812 

 640.0000000000  480.0000000000  328.9195861816    0.0000000000  323.6768493652    0.0000000000  328.4769897461  273.2416687012    0.0000000000    0.0000000000    1.0000000000   -0.2031404525    0.0651565790   -0.0037821310    0.0039638989   -0.1444866210    0.8705444336   -0.4703997970    0.9888299704    0.1094493493   -0.1011738926   -0.0365914144   -0.4797636867   -0.8766344190  -24.8057498932   89.1687164307 1547.3356933594 

   7.1381649971 -143.7511444092  685.8479003906   10.6579179764  659.0661010742  476.4897460938  -27.9287872314  562.4407958984 
  -1.9461662769 -158.6450347900  666.5513305664   10.3795022964  640.0000000000  463.3471374512  -46.5020904541  553.4578857422 
   1.6150321123   -0.0735282250    7.1381649986    0.2498817102    1.4807400302 -143.7511444075    0.0008085585    0.0000169028    1.0000000000 
   1.6394883344   -0.0924245059   -1.9461662627    0.2733655405    1.4787830365 -158.6450347733    0.0008925959   -0.0000086090    1.0000000000 
