2

 640.0000000000  480.0000000000  327.7602539062    0.0000000000  318.5021972656    0.0000000000  327.3955078125  283.9713745117    0.0000000000    0.0000000000    1.0000000000   -0.1966542453    0.0615479089   -0.0006752920   -0.0019035899   -0.3149771094   -0.9437086582    0.1010117680   -0.9421870112    0.2980857193   -0.1530640125    0.1143376678   -0.1433836222   -0.9830402136  194.2507324219  131.4455718994 1203.5911865234 

 640.0000000000  480.0000000000  330.2004699707    0.0000000000  308.4266662598    0.0000000000  330.5280456543  273.1672668457    0.0000000000    0.0000000000    1.0000000000   -0.1909152567    0.0556871928   -0.0014664527   -0.0028297603   -0.3107075095   -0.9456170797    0.0962765813   -0.9430662990    0.2940423191   -0.1554512531    0.1186879799   -0.1390950680   -0.9831407666  105.0090942383  136.0594177246 1210.3812255859 

  -7.6138067245   15.2966966629  647.1683959961  -39.4199714661  654.4750366211  512.0921020508    0.0000000000  479.0000000000 
 -18.7538623810    1.4456152916  639.4641723633  -49.2956809998  645.5039672852  506.3627319336  -14.8529167175  469.9002990723 
   0.8619628806    0.0158620973   -7.6138067245   -0.0756798679    0.9682921942   15.2966966629   -0.0002489836    0.0000046840    1.0000000000 
   0.8717777362    0.0081828115  -18.7538623810   -0.0672043519    0.9741806090    1.4456152916   -0.0002450301   -0.0000037596    1.0000000000 
