2

 320.0000000000  240.0000000000  164.7160644531    0.0000000000  157.9521636963    0.0000000000  163.9895324707  139.8255920410    0.0000000000    0.0000000000    1.0000000000   -0.2291519791    0.0736429170   -0.0035456545    0.0021615783   -0.0557190850   -0.9977254868   -0.0379370265   -0.8703206778    0.0671551377   -0.4878853261    0.4893233180    0.0058328542   -0.8720829487  166.3090820312  151.8802947998  813.2463989258 

 320.0000000000  240.0000000000  163.8793334961    0.0000000000  162.8316650391    0.0000000000  163.1994171143  144.7196197510    0.0000000000    0.0000000000    1.0000000000   -0.2232774347    0.0742556006   -0.0031071522    0.0034042976   -0.0597784482   -0.9971455336   -0.0461232588   -0.8718494177    0.0746568963   -0.4840505123    0.4861122370    0.0112767499   -0.8738236427  258.4457397461  155.2969818115  815.4143066406 

  -9.7888545990   -0.7790668607  320.0000000000    0.0023699347  320.7457885742  233.8416137695   -7.5411353111  236.7086944580 
  -2.4429972172    8.1878776550  324.0755615234    5.3283696175  327.6818237305  238.8929138184    0.0308745150  242.9296264648 
   1.0462485028    0.0092228601   -9.7888545990    0.0024421060    0.9940095684   -0.7790668607    0.0000489323    0.0000189145    1.0000000000 
   1.0254134047    0.0103073472   -2.4429972172   -0.0088530484    0.9745368691    8.1878776550    0.0000155609   -0.0000146287    1.0000000000 
